29 29 0
87 28 1
88 29 1
89 30 1
90 31 1
94 35 1
147 29 2
148 30 2
152 34 2
189 12 3
203 26 3
204 27 3
205 28 3
206 29 3
207 30 3
211 34 3
213 36 3
250 14 4
251 15 4
253 17 4
254 18 4
255 19 4
256 20 4
257 21 4
258 22 4
259 23 4
260 24 4
263 27 4
264 28 4
265 29 4
268 32 4
270 34 4
271 35 4
273 37 4
308 13 5
309 14 5
310 15 5
311 16 5
314 19 5
315 20 5
316 21 5
317 22 5
318 23 5
319 24 5
320 25 5
321 26 5
324 29 5
328 33 5
329 34 5
330 35 5
331 36 5
332 37 5
364 10 6
365 11 6
366 12 6
367 13 6
368 14 6
369 15 6
371 17 6
374 20 6
375 21 6
376 22 6
377 23 6
378 24 6
379 25 6
380 26 6
381 27 6
383 29 6
386 32 6
387 33 6
388 34 6
389 35 6
390 36 6
391 37 6
392 38 6
426 13 7
428 15 7
429 16 7
431 18 7
433 20 7
434 21 7
435 22 7
436 23 7
437 24 7
438 25 7
439 26 7
442 29 7
443 30 7
445 32 7
446 33 7
447 34 7
448 35 7
449 36 7
450 37 7
451 38 7
452 39 7
454 41 7
455 42 7
485 13 8
486 14 8
488 16 8
490 18 8
491 19 8
492 20 8
493 21 8
494 22 8
495 23 8
496 24 8
497 25 8
498 26 8
499 27 8
500 28 8
501 29 8
504 32 8
505 33 8
507 35 8
508 36 8
509 37 8
510 38 8
512 40 8
513 41 8
514 42 8
515 43 8
545 14 9
548 17 9
549 18 9
551 20 9
552 21 9
553 22 9
554 23 9
555 24 9
557 26 9
558 27 9
559 28 9
560 29 9
562 31 9
563 32 9
567 36 9
568 37 9
569 38 9
571 40 9
572 41 9
573 42 9
574 43 9
576 45 9
603 13 10
604 14 10
608 18 10
611 21 10
612 22 10
613 23 10
614 24 10
617 27 10
618 28 10
619 29 10
620 30 10
621 31 10
622 32 10
623 33 10
624 34 10
625 35 10
626 36 10
627 37 10
628 38 10
629 39 10
630 40 10
631 41 10
632 42 10
633 43 10
635 45 10
636 46 10
662 13 11
663 14 11
664 15 11
665 16 11
670 21 11
671 22 11
672 23 11
673 24 11
674 25 11
675 26 11
676 27 11
677 28 11
680 31 11
681 32 11
682 33 11
683 34 11
684 35 11
685 36 11
686 37 11
687 38 11
688 39 11
689 40 11
690 41 11
691 42 11
692 43 11
693 44 11
694 45 11
695 46 11
720 12 12
721 13 12
722 14 12
723 15 12
726 18 12
729 21 12
730 22 12
731 23 12
732 24 12
733 25 12
734 26 12
735 27 12
736 28 12
737 29 12
739 31 12
740 32 12
741 33 12
742 34 12
743 35 12
744 36 12
745 37 12
746 38 12
747 39 12
748 40 12
749 41 12
750 42 12
751 43 12
752 44 12
753 45 12
754 46 12
755 47 12
756 48 12
757 49 12
779 12 13
780 13 13
781 14 13
782 15 13
785 18 13
786 19 13
788 21 13
789 22 13
790 23 13
791 24 13
792 25 13
793 26 13
794 27 13
795 28 13
796 29 13
799 32 13
800 33 13
801 34 13
803 36 13
804 37 13
805 38 13
806 39 13
807 40 13
808 41 13
809 42 13
810 43 13
812 45 13
814 47 13
815 48 13
816 49 13
817 50 13
818 51 13
836 10 14
837 11 14
838 12 14
839 13 14
840 14 14
843 17 14
844 18 14
845 19 14
846 20 14
847 21 14
848 22 14
849 23 14
850 24 14
853 27 14
855 29 14
856 30 14
857 31 14
858 32 14
859 33 14
860 34 14
861 35 14
862 36 14
863 37 14
864 38 14
865 39 14
868 42 14
869 43 14
870 44 14
871 45 14
872 46 14
873 47 14
875 49 14
876 50 14
877 51 14
878 52 14
893 8 15
895 10 15
897 12 15
898 13 15
899 14 15
900 15 15
902 17 15
903 18 15
905 20 15
906 21 15
907 22 15
908 23 15
909 24 15
910 25 15
912 27 15
914 29 15
915 30 15
917 32 15
918 33 15
919 34 15
920 35 15
921 36 15
922 37 15
923 38 15
924 39 15
925 40 15
926 41 15
927 42 15
928 43 15
929 44 15
930 45 15
931 46 15
932 47 15
934 49 15
935 50 15
936 51 15
938 53 15
939 54 15
950 6 16
953 9 16
954 10 16
955 11 16
956 12 16
957 13 16
958 14 16
959 15 16
960 16 16
961 17 16
962 18 16
963 19 16
964 20 16
965 21 16
966 22 16
967 23 16
968 24 16
969 25 16
970 26 16
971 27 16
972 28 16
973 29 16
974 30 16
975 31 16
976 32 16
977 33 16
978 34 16
979 35 16
980 36 16
981 37 16
982 38 16
983 39 16
984 40 16
985 41 16
986 42 16
987 43 16
988 44 16
989 45 16
990 46 16
992 48 16
994 50 16
995 51 16
998 54 16
999 55 16
1008 5 17
1009 6 17
1010 7 17
1011 8 17
1012 9 17
1013 10 17
1014 11 17
1015 12 17
1016 13 17
1017 14 17
1018 15 17
1019 16 17
1020 17 17
1021 18 17
1022 19 17
1023 20 17
1024 21 17
1025 22 17
1026 23 17
1027 24 17
1028 25 17
1029 26 17
1030 27 17
1031 28 17
1032 29 17
1033 30 17
1034 31 17
1035 32 17
1036 33 17
1037 34 17
1038 35 17
1039 36 17
1040 37 17
1041 38 17
1042 39 17
1043 40 17
1044 41 17
1045 42 17
1046 43 17
1047 44 17
1048 45 17
1049 46 17
1052 49 17
1053 50 17
1054 51 17
1055 52 17
1056 53 17
1057 54 17
1059 56 17
1067 5 18
1069 7 18
1070 8 18
1071 9 18
1072 10 18
1073 11 18
1074 12 18
1075 13 18
1076 14 18
1077 15 18
1078 16 18
1079 17 18
1080 18 18
1081 19 18
1082 20 18
1084 22 18
1085 23 18
1086 24 18
1087 25 18
1088 26 18
1089 27 18
1090 28 18
1091 29 18
1092 30 18
1093 31 18
1094 32 18
1095 33 18
1096 34 18
1097 35 18
1098 36 18
1099 37 18
1100 38 18
1103 41 18
1104 42 18
1105 43 18
1106 44 18
1107 45 18
1108 46 18
1109 47 18
1110 48 18
1111 49 18
1112 50 18
1113 51 18
1114 52 18
1115 53 18
1116 54 18
1118 56 18
1123 2 19
1124 3 19
1125 4 19
1126 5 19
1128 7 19
1129 8 19
1130 9 19
1131 10 19
1132 11 19
1133 12 19
1134 13 19
1135 14 19
1136 15 19
1137 16 19
1138 17 19
1139 18 19
1140 19 19
1141 20 19
1142 21 19
1143 22 19
1144 23 19
1145 24 19
1146 25 19
1147 26 19
1148 27 19
1149 28 19
1150 29 19
1151 30 19
1152 31 19
1153 32 19
1154 33 19
1155 34 19
1156 35 19
1157 36 19
1158 37 19
1159 38 19
1160 39 19
1161 40 19
1162 41 19
1163 42 19
1164 43 19
1165 44 19
1166 45 19
1167 46 19
1168 47 19
1169 48 19
1171 50 19
1172 51 19
1175 54 19
1176 55 19
1177 56 19
1178 57 19
1179 58 19
1182 2 20
1183 3 20
1184 4 20
1185 5 20
1186 6 20
1187 7 20
1188 8 20
1189 9 20
1190 10 20
1191 11 20
1192 12 20
1193 13 20
1194 14 20
1195 15 20
1196 16 20
1197 17 20
1198 18 20
1199 19 20
1200 20 20
1201 21 20
1202 22 20
1203 23 20
1204 24 20
1205 25 20
1206 26 20
1207 27 20
1208 28 20
1209 29 20
1210 30 20
1211 31 20
1212 32 20
1213 33 20
1215 35 20
1216 36 20
1217 37 20
1218 38 20
1219 39 20
1220 40 20
1221 41 20
1222 42 20
1223 43 20
1224 44 20
1225 45 20
1226 46 20
1227 47 20
1228 48 20
1229 49 20
1230 50 20
1231 51 20
1232 52 20
1233 53 20
1234 54 20
1235 55 20
1236 56 20
1241 2 21
1242 3 21
1243 4 21
1244 5 21
1245 6 21
1246 7 21
1247 8 21
1248 9 21
1249 10 21
1250 11 21
1251 12 21
1252 13 21
1253 14 21
1254 15 21
1255 16 21
1256 17 21
1257 18 21
1258 19 21
1260 21 21
1261 22 21
1262 23 21
1263 24 21
1264 25 21
1265 26 21
1266 27 21
1267 28 21
1268 29 21
1269 30 21
1270 31 21
1271 32 21
1272 33 21
1273 34 21
1274 35 21
1275 36 21
1276 37 21
1277 38 21
1278 39 21
1279 40 21
1280 41 21
1281 42 21
1282 43 21
1283 44 21
1284 45 21
1285 46 21
1286 47 21
1287 48 21
1288 49 21
1289 50 21
1290 51 21
1291 52 21
1292 53 21
1293 54 21
1294 55 21
1296 57 21
1297 58 21
1300 2 22
1303 5 22
1304 6 22
1305 7 22
1306 8 22
1308 10 22
1309 11 22
1310 12 22
1311 13 22
1312 14 22
1313 15 22
1314 16 22
1315 17 22
1316 18 22
1317 19 22
1318 20 22
1319 21 22
1320 22 22
1321 23 22
1322 24 22
1324 26 22
1325 27 22
1326 28 22
1327 29 22
1328 30 22
1329 31 22
1330 32 22
1331 33 22
1332 34 22
1333 35 22
1334 36 22
1335 37 22
1336 38 22
1337 39 22
1338 40 22
1339 41 22
1340 42 22
1341 43 22
1342 44 22
1343 45 22
1344 46 22
1345 47 22
1346 48 22
1347 49 22
1348 50 22
1349 51 22
1350 52 22
1351 53 22
1353 55 22
1355 57 22
1356 58 22
1361 4 23
1362 5 23
1363 6 23
1364 7 23
1365 8 23
1366 9 23
1367 10 23
1369 12 23
1370 13 23
1371 14 23
1372 15 23
1373 16 23
1374 17 23
1375 18 23
1376 19 23
1377 20 23
1378 21 23
1379 22 23
1380 23 23
1381 24 23
1382 25 23
1383 26 23
1384 27 23
1385 28 23
1386 29 23
1387 30 23
1388 31 23
1389 32 23
1390 33 23
1391 34 23
1392 35 23
1393 36 23
1394 37 23
1395 38 23
1396 39 23
1397 40 23
1398 41 23
1399 42 23
1400 43 23
1401 44 23
1402 45 23
1403 46 23
1404 47 23
1405 48 23
1406 49 23
1407 50 23
1408 51 23
1409 52 23
1410 53 23
1412 55 23
1413 56 23
1414 57 23
1415 58 23
1420 4 24
1421 5 24
1422 6 24
1423 7 24
1424 8 24
1425 9 24
1426 10 24
1427 11 24
1428 12 24
1429 13 24
1430 14 24
1431 15 24
1432 16 24
1433 17 24
1434 18 24
1435 19 24
1436 20 24
1437 21 24
1438 22 24
1439 23 24
1440 24 24
1441 25 24
1442 26 24
1443 27 24
1444 28 24
1445 29 24
1446 30 24
1447 31 24
1448 32 24
1449 33 24
1450 34 24
1451 35 24
1452 36 24
1453 37 24
1454 38 24
1455 39 24
1456 40 24
1457 41 24
1458 42 24
1459 43 24
1460 44 24
1461 45 24
1462 46 24
1463 47 24
1464 48 24
1465 49 24
1466 50 24
1467 51 24
1468 52 24
1469 53 24
1470 54 24
1471 55 24
1472 56 24
1473 57 24
1474 58 24
1475 0 25
1478 3 25
1479 4 25
1481 6 25
1482 7 25
1483 8 25
1484 9 25
1485 10 25
1486 11 25
1487 12 25
1488 13 25
1489 14 25
1490 15 25
1492 17 25
1493 18 25
1494 19 25
1495 20 25
1496 21 25
1497 22 25
1498 23 25
1499 24 25
1500 25 25
1501 26 25
1502 27 25
1503 28 25
1504 29 25
1505 30 25
1506 31 25
1507 32 25
1508 33 25
1509 34 25
1510 35 25
1511 36 25
1512 37 25
1513 38 25
1514 39 25
1515 40 25
1516 41 25
1517 42 25
1518 43 25
1519 44 25
1520 45 25
1521 46 25
1522 47 25
1523 48 25
1524 49 25
1525 50 25
1526 51 25
1527 52 25
1528 53 25
1529 54 25
1530 55 25
1531 56 25
1532 57 25
1533 58 25
1536 2 26
1537 3 26
1538 4 26
1540 6 26
1541 7 26
1542 8 26
1543 9 26
1545 11 26
1546 12 26
1547 13 26
1548 14 26
1549 15 26
1550 16 26
1551 17 26
1552 18 26
1553 19 26
1554 20 26
1555 21 26
1556 22 26
1557 23 26
1558 24 26
1559 25 26
1560 26 26
1561 27 26
1562 28 26
1563 29 26
1564 30 26
1565 31 26
1566 32 26
1567 33 26
1570 36 26
1571 37 26
1573 39 26
1574 40 26
1575 41 26
1576 42 26
1577 43 26
1578 44 26
1579 45 26
1580 46 26
1581 47 26
1582 48 26
1583 49 26
1584 50 26
1585 51 26
1586 52 26
1589 55 26
1593 0 27
1595 2 27
1596 3 27
1597 4 27
1599 6 27
1600 7 27
1601 8 27
1602 9 27
1603 10 27
1604 11 27
1605 12 27
1606 13 27
1607 14 27
1608 15 27
1609 16 27
1610 17 27
1611 18 27
1612 19 27
1613 20 27
1614 21 27
1615 22 27
1616 23 27
1617 24 27
1618 25 27
1619 26 27
1620 27 27
1621 28 27
1622 29 27
1623 30 27
1624 31 27
1625 32 27
1626 33 27
1629 36 27
1630 37 27
1631 38 27
1632 39 27
1633 40 27
1634 41 27
1635 42 27
1636 43 27
1637 44 27
1638 45 27
1639 46 27
1640 47 27
1641 48 27
1642 49 27
1643 50 27
1644 51 27
1645 52 27
1646 53 27
1647 54 27
1648 55 27
1649 56 27
1650 57 27
1651 58 27
1652 0 28
1655 3 28
1656 4 28
1657 5 28
1658 6 28
1659 7 28
1660 8 28
1661 9 28
1662 10 28
1663 11 28
1664 12 28
1665 13 28
1666 14 28
1667 15 28
1668 16 28
1669 17 28
1670 18 28
1671 19 28
1672 20 28
1673 21 28
1674 22 28
1675 23 28
1676 24 28
1677 25 28
1678 26 28
1679 27 28
1680 28 28
1681 29 28
1682 30 28
1683 31 28
1684 32 28
1685 33 28
1686 34 28
1687 35 28
1688 36 28
1689 37 28
1690 38 28
1691 39 28
1692 40 28
1693 41 28
1694 42 28
1695 43 28
1696 44 28
1697 45 28
1698 46 28
1699 47 28
1700 48 28
1702 50 28
1704 52 28
1705 53 28
1706 54 28
1707 55 28
1711 0 29
1712 1 29
1713 2 29
1714 3 29
1715 4 29
1716 5 29
1717 6 29
1718 7 29
1719 8 29
1720 9 29
1721 10 29
1722 11 29
1723 12 29
1724 13 29
1725 14 29
1726 15 29
1727 16 29
1728 17 29
1729 18 29
1730 19 29
1731 20 29
1732 21 29
1733 22 29
1734 23 29
1735 24 29
1736 25 29
1737 26 29
1738 27 29
1739 28 29
1740 29 29
1741 30 29
1742 31 29
1743 32 29
1744 33 29
1745 34 29
1746 35 29
1747 36 29
1748 37 29
1749 38 29
1750 39 29
1751 40 29
1752 41 29
1753 42 29
1754 43 29
1755 44 29
1756 45 29
1757 46 29
1758 47 29
1759 48 29
1760 49 29
1761 50 29
1762 51 29
1763 52 29
1764 53 29
1765 54 29
1766 55 29
1767 56 29
1768 57 29
1769 58 29
1770 0 30
1771 1 30
1772 2 30
1773 3 30
1774 4 30
1775 5 30
1776 6 30
1777 7 30
1778 8 30
1779 9 30
1780 10 30
1781 11 30
1782 12 30
1783 13 30
1784 14 30
1785 15 30
1786 16 30
1787 17 30
1788 18 30
1789 19 30
1790 20 30
1791 21 30
1792 22 30
1793 23 30
1794 24 30
1795 25 30
1796 26 30
1797 27 30
1798 28 30
1799 29 30
1800 30 30
1801 31 30
1802 32 30
1803 33 30
1804 34 30
1805 35 30
1806 36 30
1807 37 30
1808 38 30
1809 39 30
1810 40 30
1811 41 30
1812 42 30
1813 43 30
1814 44 30
1815 45 30
1816 46 30
1817 47 30
1818 48 30
1819 49 30
1820 50 30
1821 51 30
1822 52 30
1823 53 30
1824 54 30
1825 55 30
1826 56 30
1827 57 30
1828 58 30
1829 0 31
1830 1 31
1831 2 31
1832 3 31
1833 4 31
1834 5 31
1835 6 31
1836 7 31
1837 8 31
1838 9 31
1839 10 31
1840 11 31
1841 12 31
1842 13 31
1843 14 31
1844 15 31
1845 16 31
1846 17 31
1847 18 31
1848 19 31
1849 20 31
1850 21 31
1851 22 31
1852 23 31
1853 24 31
1854 25 31
1855 26 31
1856 27 31
1857 28 31
1858 29 31
1859 30 31
1860 31 31
1861 32 31
1862 33 31
1863 34 31
1864 35 31
1865 36 31
1866 37 31
1867 38 31
1868 39 31
1869 40 31
1870 41 31
1871 42 31
1872 43 31
1873 44 31
1874 45 31
1875 46 31
1876 47 31
1877 48 31
1878 49 31
1879 50 31
1880 51 31
1881 52 31
1882 53 31
1883 54 31
1884 55 31
1886 57 31
1887 58 31
1888 0 32
1889 1 32
1890 2 32
1891 3 32
1892 4 32
1893 5 32
1894 6 32
1895 7 32
1896 8 32
1897 9 32
1898 10 32
1899 11 32
1900 12 32
1901 13 32
1903 15 32
1904 16 32
1905 17 32
1906 18 32
1907 19 32
1908 20 32
1909 21 32
1910 22 32
1911 23 32
1912 24 32
1913 25 32
1914 26 32
1915 27 32
1916 28 32
1917 29 32
1918 30 32
1919 31 32
1920 32 32
1921 33 32
1922 34 32
1923 35 32
1924 36 32
1925 37 32
1926 38 32
1927 39 32
1928 40 32
1929 41 32
1930 42 32
1931 43 32
1932 44 32
1933 45 32
1934 46 32
1935 47 32
1936 48 32
1937 49 32
1938 50 32
1939 51 32
1940 52 32
1941 53 32
1942 54 32
1943 55 32
1944 56 32
1945 57 32
1946 58 32
1947 0 33
1948 1 33
1949 2 33
1950 3 33
1951 4 33
1952 5 33
1953 6 33
1954 7 33
1955 8 33
1956 9 33
1957 10 33
1958 11 33
1959 12 33
1960 13 33
1961 14 33
1962 15 33
1963 16 33
1964 17 33
1965 18 33
1966 19 33
1967 20 33
1968 21 33
1969 22 33
1970 23 33
1971 24 33
1972 25 33
1973 26 33
1974 27 33
1975 28 33
1976 29 33
1977 30 33
1978 31 33
1979 32 33
1980 33 33
1981 34 33
1982 35 33
1983 36 33
1984 37 33
1985 38 33
1986 39 33
1987 40 33
1988 41 33
1989 42 33
1990 43 33
1991 44 33
1992 45 33
1993 46 33
1994 47 33
1995 48 33
1996 49 33
1997 50 33
1998 51 33
1999 52 33
2000 53 33
2001 54 33
2002 55 33
2003 56 33
2004 57 33
2006 0 34
2007 1 34
2008 2 34
2009 3 34
2010 4 34
2012 6 34
2013 7 34
2014 8 34
2015 9 34
2016 10 34
2017 11 34
2018 12 34
2019 13 34
2020 14 34
2021 15 34
2022 16 34
2023 17 34
2024 18 34
2025 19 34
2026 20 34
2027 21 34
2028 22 34
2029 23 34
2030 24 34
2031 25 34
2032 26 34
2033 27 34
2034 28 34
2035 29 34
2036 30 34
2037 31 34
2039 33 34
2040 34 34
2041 35 34
2042 36 34
2043 37 34
2044 38 34
2045 39 34
2046 40 34
2047 41 34
2048 42 34
2049 43 34
2050 44 34
2051 45 34
2052 46 34
2053 47 34
2054 48 34
2055 49 34
2056 50 34
2057 51 34
2058 52 34
2059 53 34
2060 54 34
2061 55 34
2062 56 34
2063 57 34
2065 0 35
2066 1 35
2069 4 35
2070 5 35
2071 6 35
2072 7 35
2073 8 35
2074 9 35
2075 10 35
2076 11 35
2077 12 35
2078 13 35
2079 14 35
2080 15 35
2081 16 35
2082 17 35
2086 21 35
2087 22 35
2088 23 35
2089 24 35
2090 25 35
2091 26 35
2092 27 35
2093 28 35
2094 29 35
2095 30 35
2096 31 35
2098 33 35
2099 34 35
2100 35 35
2101 36 35
2102 37 35
2103 38 35
2104 39 35
2105 40 35
2106 41 35
2107 42 35
2108 43 35
2109 44 35
2110 45 35
2111 46 35
2112 47 35
2113 48 35
2114 49 35
2115 50 35
2116 51 35
2117 52 35
2118 53 35
2119 54 35
2120 55 35
2121 56 35
2122 57 35
2124 0 36
2125 1 36
2127 3 36
2128 4 36
2129 5 36
2130 6 36
2131 7 36
2132 8 36
2133 9 36
2134 10 36
2135 11 36
2136 12 36
2137 13 36
2138 14 36
2139 15 36
2140 16 36
2141 17 36
2142 18 36
2143 19 36
2144 20 36
2145 21 36
2146 22 36
2147 23 36
2148 24 36
2149 25 36
2150 26 36
2151 27 36
2152 28 36
2153 29 36
2154 30 36
2155 31 36
2156 32 36
2157 33 36
2158 34 36
2159 35 36
2160 36 36
2161 37 36
2162 38 36
2163 39 36
2164 40 36
2165 41 36
2166 42 36
2167 43 36
2168 44 36
2169 45 36
2170 46 36
2171 47 36
2172 48 36
2173 49 36
2174 50 36
2175 51 36
2176 52 36
2177 53 36
2178 54 36
2179 55 36
2180 56 36
2181 57 36
2183 0 37
2184 1 37
2185 2 37
2186 3 37
2187 4 37
2188 5 37
2189 6 37
2190 7 37
2191 8 37
2192 9 37
2193 10 37
2194 11 37
2195 12 37
2196 13 37
2197 14 37
2198 15 37
2199 16 37
2200 17 37
2201 18 37
2202 19 37
2203 20 37
2204 21 37
2205 22 37
2206 23 37
2207 24 37
2208 25 37
2209 26 37
2210 27 37
2211 28 37
2212 29 37
2213 30 37
2214 31 37
2215 32 37
2216 33 37
2217 34 37
2218 35 37
2219 36 37
2220 37 37
2221 38 37
2222 39 37
2223 40 37
2224 41 37
2225 42 37
2226 43 37
2227 44 37
2228 45 37
2229 46 37
2230 47 37
2231 48 37
2232 49 37
2233 50 37
2234 51 37
2235 52 37
2236 53 37
2237 54 37
2238 55 37
2239 56 37
2240 57 37
2243 1 38
2244 2 38
2245 3 38
2246 4 38
2247 5 38
2248 6 38
2249 7 38
2250 8 38
2251 9 38
2252 10 38
2253 11 38
2254 12 38
2255 13 38
2256 14 38
2257 15 38
2258 16 38
2259 17 38
2260 18 38
2261 19 38
2262 20 38
2263 21 38
2264 22 38
2265 23 38
2266 24 38
2267 25 38
2268 26 38
2269 27 38
2270 28 38
2271 29 38
2272 30 38
2274 32 38
2275 33 38
2276 34 38
2277 35 38
2278 36 38
2279 37 38
2280 38 38
2281 39 38
2282 40 38
2283 41 38
2284 42 38
2285 43 38
2286 44 38
2287 45 38
2288 46 38
2289 47 38
2290 48 38
2291 49 38
2292 50 38
2293 51 38
2294 52 38
2295 53 38
2297 55 38
2299 57 38
2302 1 39
2303 2 39
2304 3 39
2305 4 39
2306 5 39
2307 6 39
2308 7 39
2309 8 39
2310 9 39
2311 10 39
2312 11 39
2313 12 39
2314 13 39
2315 14 39
2316 15 39
2317 16 39
2318 17 39
2319 18 39
2320 19 39
2321 20 39
2322 21 39
2323 22 39
2324 23 39
2325 24 39
2326 25 39
2327 26 39
2328 27 39
2329 28 39
2330 29 39
2331 30 39
2332 31 39
2333 32 39
2334 33 39
2335 34 39
2336 35 39
2337 36 39
2338 37 39
2339 38 39
2340 39 39
2341 40 39
2342 41 39
2343 42 39
2344 43 39
2345 44 39
2346 45 39
2347 46 39
2348 47 39
2349 48 39
2350 49 39
2351 50 39
2352 51 39
2353 52 39
2354 53 39
2355 54 39
2356 55 39
2357 56 39
2358 57 39
2361 1 40
2365 5 40
2366 6 40
2367 7 40
2368 8 40
2369 9 40
2370 10 40
2371 11 40
2372 12 40
2373 13 40
2374 14 40
2375 15 40
2376 16 40
2377 17 40
2378 18 40
2379 19 40
2380 20 40
2381 21 40
2382 22 40
2383 23 40
2384 24 40
2385 25 40
2386 26 40
2387 27 40
2388 28 40
2389 29 40
2390 30 40
2391 31 40
2392 32 40
2393 33 40
2394 34 40
2395 35 40
2396 36 40
2397 37 40
2398 38 40
2399 39 40
2400 40 40
2401 41 40
2402 42 40
2403 43 40
2404 44 40
2405 45 40
2406 46 40
2407 47 40
2408 48 40
2409 49 40
2410 50 40
2411 51 40
2412 52 40
2413 53 40
2414 54 40
2415 55 40
2416 56 40
2417 57 40
2420 1 41
2422 3 41
2425 6 41
2426 7 41
2427 8 41
2428 9 41
2429 10 41
2430 11 41
2431 12 41
2432 13 41
2433 14 41
2434 15 41
2435 16 41
2436 17 41
2437 18 41
2438 19 41
2439 20 41
2440 21 41
2441 22 41
2442 23 41
2443 24 41
2444 25 41
2445 26 41
2446 27 41
2447 28 41
2448 29 41
2449 30 41
2450 31 41
2451 32 41
2452 33 41
2453 34 41
2454 35 41
2455 36 41
2456 37 41
2457 38 41
2458 39 41
2459 40 41
2460 41 41
2461 42 41
2462 43 41
2463 44 41
2464 45 41
2465 46 41
2467 48 41
2468 49 41
2469 50 41
2471 52 41
2472 53 41
2473 54 41
2474 55 41
2475 56 41
2476 57 41
2479 1 42
2481 3 42
2483 5 42
2484 6 42
2485 7 42
2486 8 42
2487 9 42
2488 10 42
2489 11 42
2490 12 42
2491 13 42
2492 14 42
2493 15 42
2494 16 42
2495 17 42
2496 18 42
2497 19 42
2498 20 42
2499 21 42
2500 22 42
2501 23 42
2502 24 42
2503 25 42
2504 26 42
2505 27 42
2506 28 42
2507 29 42
2508 30 42
2509 31 42
2510 32 42
2511 33 42
2512 34 42
2513 35 42
2514 36 42
2515 37 42
2516 38 42
2517 39 42
2518 40 42
2519 41 42
2520 42 42
2521 43 42
2522 44 42
2523 45 42
2524 46 42
2526 48 42
2527 49 42
2528 50 42
2529 51 42
2530 52 42
2531 53 42
2532 54 42
2533 55 42
2538 1 43
2539 2 43
2540 3 43
2541 4 43
2542 5 43
2543 6 43
2544 7 43
2545 8 43
2546 9 43
2547 10 43
2548 11 43
2549 12 43
2550 13 43
2551 14 43
2552 15 43
2553 16 43
2554 17 43
2555 18 43
2556 19 43
2557 20 43
2558 21 43
2559 22 43
2560 23 43
2561 24 43
2562 25 43
2563 26 43
2564 27 43
2565 28 43
2566 29 43
2567 30 43
2568 31 43
2569 32 43
2570 33 43
2571 34 43
2572 35 43
2573 36 43
2574 37 43
2575 38 43
2576 39 43
2577 40 43
2578 41 43
2579 42 43
2580 43 43
2581 44 43
2582 45 43
2583 46 43
2584 47 43
2585 48 43
2586 49 43
2587 50 43
2588 51 43
2589 52 43
2590 53 43
2591 54 43
2592 55 43
2597 1 44
2598 2 44
2599 3 44
2600 4 44
2601 5 44
2602 6 44
2603 7 44
2604 8 44
2605 9 44
2606 10 44
2607 11 44
2608 12 44
2609 13 44
2610 14 44
2611 15 44
2612 16 44
2613 17 44
2614 18 44
2615 19 44
2616 20 44
2617 21 44
2618 22 44
2619 23 44
2620 24 44
2621 25 44
2622 26 44
2623 27 44
2624 28 44
2625 29 44
2626 30 44
2627 31 44
2628 32 44
2629 33 44
2630 34 44
2631 35 44
2632 36 44
2633 37 44
2634 38 44
2635 39 44
2636 40 44
2637 41 44
2638 42 44
2639 43 44
2640 44 44
2641 45 44
2642 46 44
2643 47 44
2644 48 44
2645 49 44
2646 50 44
2647 51 44
2648 52 44
2649 53 44
2650 54 44
2651 55 44
2656 1 45
2657 2 45
2658 3 45
2659 4 45
2660 5 45
2661 6 45
2662 7 45
2666 11 45
2667 12 45
2668 13 45
2669 14 45
2670 15 45
2671 16 45
2672 17 45
2673 18 45
2674 19 45
2675 20 45
2676 21 45
2677 22 45
2678 23 45
2679 24 45
2680 25 45
2681 26 45
2682 27 45
2683 28 45
2684 29 45
2685 30 45
2686 31 45
2687 32 45
2688 33 45
2689 34 45
2690 35 45
2691 36 45
2692 37 45
2693 38 45
2694 39 45
2695 40 45
2696 41 45
2697 42 45
2698 43 45
2699 44 45
2700 45 45
2701 46 45
2702 47 45
2703 48 45
2704 49 45
2705 50 45
2706 51 45
2707 52 45
2708 53 45
2709 54 45
2710 55 45
2718 4 46
2720 6 46
2721 7 46
2722 8 46
2725 11 46
2726 12 46
2727 13 46
2728 14 46
2729 15 46
2730 16 46
2731 17 46
2732 18 46
2733 19 46
2734 20 46
2735 21 46
2736 22 46
2737 23 46
2738 24 46
2739 25 46
2740 26 46
2741 27 46
2742 28 46
2743 29 46
2744 30 46
2745 31 46
2746 32 46
2747 33 46
2748 34 46
2749 35 46
2750 36 46
2751 37 46
2752 38 46
2753 39 46
2754 40 46
2755 41 46
2756 42 46
2757 43 46
2758 44 46
2759 45 46
2760 46 46
2761 47 46
2762 48 46
2763 49 46
2764 50 46
2765 51 46
2766 52 46
2767 53 46
2768 54 46
2775 2 47
2776 3 47
2778 5 47
2779 6 47
2780 7 47
2781 8 47
2782 9 47
2783 10 47
2784 11 47
2785 12 47
2786 13 47
2787 14 47
2788 15 47
2789 16 47
2790 17 47
2791 18 47
2792 19 47
2793 20 47
2794 21 47
2795 22 47
2796 23 47
2797 24 47
2798 25 47
2799 26 47
2800 27 47
2801 28 47
2802 29 47
2803 30 47
2804 31 47
2805 32 47
2806 33 47
2807 34 47
2808 35 47
2809 36 47
2810 37 47
2811 38 47
2812 39 47
2813 40 47
2814 41 47
2815 42 47
2816 43 47
2817 44 47
2818 45 47
2819 46 47
2820 47 47
2821 48 47
2822 49 47
2823 50 47
2824 51 47
2825 52 47
2826 53 47
2834 2 48
2835 3 48
2836 4 48
2837 5 48
2838 6 48
2839 7 48
2840 8 48
2841 9 48
2843 11 48
2844 12 48
2845 13 48
2846 14 48
2847 15 48
2848 16 48
2849 17 48
2850 18 48
2851 19 48
2852 20 48
2853 21 48
2854 22 48
2855 23 48
2856 24 48
2857 25 48
2858 26 48
2859 27 48
2860 28 48
2861 29 48
2862 30 48
2863 31 48
2864 32 48
2865 33 48
2866 34 48
2867 35 48
2868 36 48
2869 37 48
2870 38 48
2871 39 48
2872 40 48
2873 41 48
2874 42 48
2875 43 48
2876 44 48
2877 45 48
2878 46 48
2879 47 48
2880 48 48
2881 49 48
2882 50 48
2883 51 48
2884 52 48
2885 53 48
2893 2 49
2894 3 49
2895 4 49
2896 5 49
2897 6 49
2898 7 49
2899 8 49
2900 9 49
2901 10 49
2903 12 49
2904 13 49
2905 14 49
2907 16 49
2908 17 49
2909 18 49
2910 19 49
2911 20 49
2912 21 49
2913 22 49
2914 23 49
2915 24 49
2916 25 49
2917 26 49
2918 27 49
2919 28 49
2920 29 49
2921 30 49
2922 31 49
2923 32 49
2924 33 49
2925 34 49
2926 35 49
2927 36 49
2928 37 49
2929 38 49
2930 39 49
2931 40 49
2932 41 49
2933 42 49
2934 43 49
2935 44 49
2936 45 49
2937 46 49
2938 47 49
2939 48 49
2940 49 49
2941 50 49
2942 51 49
2943 52 49
2944 53 49
2952 2 50
2954 4 50
2955 5 50
2956 6 50
2957 7 50
2958 8 50
2959 9 50
2962 12 50
2963 13 50
2964 14 50
2965 15 50
2966 16 50
2967 17 50
2968 18 50
2969 19 50
2970 20 50
2971 21 50
2972 22 50
2973 23 50
2974 24 50
2975 25 50
2976 26 50
2977 27 50
2978 28 50
2979 29 50
2980 30 50
2981 31 50
2982 32 50
2983 33 50
2984 34 50
2985 35 50
2986 36 50
2987 37 50
2988 38 50
2989 39 50
2990 40 50
2991 41 50
2992 42 50
2993 43 50
2994 44 50
2995 45 50
2996 46 50
2997 47 50
2998 48 50
2999 49 50
3000 50 50
3001 51 50
3002 52 50
3012 3 51
3015 6 51
3016 7 51
3018 9 51
3021 12 51
3022 13 51
3023 14 51
3024 15 51
3025 16 51
3026 17 51
3027 18 51
3028 19 51
3029 20 51
3030 21 51
3031 22 51
3032 23 51
3033 24 51
3034 25 51
3035 26 51
3036 27 51
3037 28 51
3038 29 51
3039 30 51
3040 31 51
3041 32 51
3042 33 51
3043 34 51
3044 35 51
3045 36 51
3046 37 51
3047 38 51
3048 39 51
3049 40 51
3050 41 51
3051 42 51
3052 43 51
3053 44 51
3054 45 51
3055 46 51
3056 47 51
3057 48 51
3058 49 51
3059 50 51
3060 51 51
3061 52 51
3070 2 52
3071 3 52
3072 4 52
3073 5 52
3074 6 52
3075 7 52
3076 8 52
3080 12 52
3081 13 52
3082 14 52
3083 15 52
3084 16 52
3085 17 52
3086 18 52
3087 19 52
3088 20 52
3089 21 52
3090 22 52
3091 23 52
3092 24 52
3093 25 52
3094 26 52
3095 27 52
3096 28 52
3097 29 52
3098 30 52
3099 31 52
3101 33 52
3102 34 52
3103 35 52
3104 36 52
3105 37 52
3106 38 52
3107 39 52
3108 40 52
3109 41 52
3110 42 52
3111 43 52
3112 44 52
3113 45 52
3114 46 52
3115 47 52
3116 48 52
3117 49 52
3118 50 52
3119 51 52
3130 3 53
3131 4 53
3132 5 53
3133 6 53
3135 8 53
3136 9 53
3140 13 53
3141 14 53
3142 15 53
3143 16 53
3144 17 53
3145 18 53
3146 19 53
3147 20 53
3148 21 53
3149 22 53
3150 23 53
3151 24 53
3152 25 53
3153 26 53
3154 27 53
3155 28 53
3156 29 53
3157 30 53
3158 31 53
3159 32 53
3160 33 53
3161 34 53
3162 35 53
3163 36 53
3164 37 53
3165 38 53
3166 39 53
3167 40 53
3168 41 53
3169 42 53
3170 43 53
3171 44 53
3172 45 53
3173 46 53
3174 47 53
3175 48 53
3176 49 53
3177 50 53
3192 6 54
3193 7 54
3194 8 54
3195 9 54
3196 10 54
3197 11 54
3198 12 54
3199 13 54
3200 14 54
3202 16 54
3204 18 54
3205 19 54
3206 20 54
3207 21 54
3208 22 54
3209 23 54
3210 24 54
3211 25 54
3212 26 54
3213 27 54
3214 28 54
3215 29 54
3216 30 54
3217 31 54
3218 32 54
3219 33 54
3220 34 54
3221 35 54
3222 36 54
3223 37 54
3224 38 54
3225 39 54
3227 41 54
3228 42 54
3229 43 54
3230 44 54
3231 45 54
3232 46 54
3233 47 54
3234 48 54
3235 49 54
3236 50 54
3255 10 55
3256 11 55
3258 13 55
3259 14 55
3263 18 55
3264 19 55
3265 20 55
3266 21 55
3267 22 55
3268 23 55
3269 24 55
3270 25 55
3271 26 55
3272 27 55
3273 28 55
3274 29 55
3275 30 55
3276 31 55
3277 32 55
3278 33 55
3279 34 55
3280 35 55
3281 36 55
3282 37 55
3283 38 55
3284 39 55
3285 40 55
3286 41 55
3287 42 55
3288 43 55
3289 44 55
3290 45 55
3291 46 55
3292 47 55
3293 48 55
3294 49 55
3315 11 56
3316 12 56
3317 13 56
3318 14 56
3323 19 56
3324 20 56
3325 21 56
3326 22 56
3327 23 56
3328 24 56
3329 25 56
3330 26 56
3331 27 56
3332 28 56
3333 29 56
3334 30 56
3335 31 56
3337 33 56
3338 34 56
3339 35 56
3340 36 56
3341 37 56
3342 38 56
3343 39 56
3346 42 56
3347 43 56
3348 44 56
3349 45 56
3350 46 56
3351 47 56
3352 48 56
3377 14 57
3378 15 57
3379 16 57
3380 17 57
3381 18 57
3382 19 57
3383 20 57
3384 21 57
3385 22 57
3386 23 57
3387 24 57
3388 25 57
3389 26 57
3390 27 57
3391 28 57
3392 29 57
3396 33 57
3397 34 57
3399 36 57
3400 37 57
3401 38 57
3402 39 57
3403 40 57
3404 41 57
3405 42 57
3406 43 57
3407 44 57
3408 45 57
3409 46 57
3410 47 57
3440 18 58
3441 19 58
3442 20 58
3443 21 58
3444 22 58
3445 23 58
3446 24 58
3447 25 58
3448 26 58
3449 27 58
3450 28 58
3451 29 58
3452 30 58
3453 31 58
3454 32 58
3455 33 58
3456 34 58
3457 35 58
3458 36 58
3459 37 58
3460 38 58
3461 39 58
3462 40 58
3463 41 58
3503 22 59
3504 23 59
3505 24 59
3506 25 59
3507 26 59
